sxhma:1___plu8ismos:1___megistoba8os:18___threads:2

500 0.000032 0.000012 0.000226 0.000003
1000 0.000055 0.000019 0.000361 0.000005
50000 0.002849 0.001060 0.019638 0.000613
100000 0.005723 0.002192 0.039377 0.001252
500000 0.028712 0.006554 0.203092 0.008757
1000000 0.031938 0.012022 0.412956 0.017111
3000000 0.095731 0.035123 0.733630 0.058647
5000000 0.167892 0.067823 1.214590 0.132882
8000000 0.193312 0.071912 1.389752 0.140425
11000000 0.158298 0.056966 1.200959 0.165293
14000000 0.169339 0.063147 1.351442 0.225331
17000000 0.363883 0.130657 2.637340 0.458141
20000000 0.632871 0.228078 4.929241 0.513188
23000000 0.594898 0.230481 4.346207 0.589946
26000000 0.785757 0.291665 4.136032 0.612216
29000000 0.357955 0.134676 3.981567 0.471930
32000000 0.685769 0.257778 4.462011 0.534037
35000000 0.758816 0.267727 4.298754 0.601686
