sxhma:1___plu8ismos:1___megistoba8os:18___threads:8

500 0.000046 0.000016 0.000282 0.000005
1000 0.000083 0.000033 0.000587 0.000005
50000 0.002893 0.001113 0.019712 0.000609
100000 0.006056 0.002270 0.039110 0.001349
500000 0.017012 0.006864 0.207716 0.009395
1000000 0.035469 0.019397 0.438329 0.017902
3000000 0.095590 0.034838 0.609809 0.060230
5000000 0.147155 0.058830 1.017829 0.101081
8000000 0.225784 0.091157 1.409249 0.156296
11000000 0.180714 0.067931 1.135315 0.160137
14000000 0.158561 0.061841 1.144493 0.201745
17000000 0.188942 0.073969 1.387672 0.247023
20000000 0.278630 0.116470 2.762568 0.325360
23000000 0.322208 0.119235 3.030643 0.397562
26000000 0.566989 0.229706 2.957552 0.393352
29000000 0.621073 0.222410 3.291167 0.459488
32000000 0.362427 0.138895 2.785644 0.515251
35000000 0.393839 0.157180 2.971581 0.584577
