sxhma:1___plu8ismos:1___megistoba8os:18___threads:512

500 0.000031 0.000010 0.000196 0.000004
1000 0.000055 0.000020 0.000359 0.000003
50000 0.002808 0.001055 0.019345 0.000615
100000 0.005940 0.002252 0.039263 0.001276
500000 0.104909 0.088745 0.221963 0.092297
1000000 0.114560 0.095545 0.409106 0.103951
3000000 0.130956 0.105621 0.669626 0.114176
5000000 0.160413 0.096814 0.848478 0.113883
8000000 0.153067 0.074497 0.934011 0.135591
11000000 0.140014 0.065456 0.956641 0.176849
14000000 0.174024 0.077916 1.196743 0.226295
17000000 0.219578 0.090202 1.437621 0.266289
20000000 0.242848 0.104469 1.722823 0.337875
23000000 0.280391 0.117260 2.058041 0.390882
26000000 0.349227 0.133287 2.221818 0.423102
29000000 0.347055 0.146202 2.490193 0.501745
32000000 0.704407 0.288273 4.010049 0.582030
35000000 0.735664 0.325732 3.947613 0.669467
