sxhma:1___plu8ismos:1___megistoba8os:18___threads:64

500 0.000029 0.000010 0.000208 0.000003
1000 0.000055 0.000024 0.000350 0.000004
50000 0.002871 0.001263 0.019538 0.000597
100000 0.005680 0.002150 0.039336 0.001263
500000 0.019268 0.013716 0.201716 0.014319
1000000 0.032781 0.017188 0.431635 0.021642
3000000 0.089560 0.035789 0.591300 0.059041
5000000 0.137088 0.054190 0.822475 0.086702
8000000 0.138260 0.052202 0.836406 0.118623
11000000 0.125195 0.048617 0.885606 0.159922
14000000 0.369833 0.128261 2.057692 0.227916
17000000 0.406927 0.146377 2.479991 0.282905
20000000 0.438558 0.166564 2.647835 0.337963
23000000 0.321730 0.114167 3.043937 0.370071
26000000 0.605898 0.213515 3.296621 0.428815
29000000 0.615374 0.225132 3.373498 0.464437
32000000 0.698997 0.260470 4.028805 0.590825
35000000 0.709656 0.265712 3.883875 0.626211
