sxhma:1___plu8ismos:1___megistoba8os:18___threads:16

500 0.000046 0.000023 0.000291 0.000005
1000 0.000083 0.000039 0.000574 0.000006
50000 0.002788 0.001060 0.020277 0.000630
100000 0.005852 0.002218 0.038909 0.001265
500000 0.016428 0.006753 0.203344 0.009415
1000000 0.036178 0.016031 0.415991 0.018020
3000000 0.090183 0.034821 0.614997 0.057733
5000000 0.150146 0.054415 1.048416 0.109347
8000000 0.233156 0.078633 1.356122 0.139654
11000000 0.276205 0.101642 1.769976 0.207857
14000000 0.338372 0.123118 2.077412 0.233859
17000000 0.399136 0.150965 2.489624 0.299850
20000000 0.574758 0.222273 3.279920 0.449738
23000000 0.286385 0.107124 1.876747 0.360539
26000000 0.560192 0.206469 3.256345 0.427093
29000000 0.615306 0.235252 3.619072 0.469689
32000000 0.687128 0.249155 3.930361 0.520442
35000000 0.698598 0.261016 5.196074 0.598628
