sxhma:1___plu8ismos:1___megistoba8os:18___threads:1024

500 0.000029 0.000010 0.000175 0.000003
1000 0.000055 0.000020 0.000356 0.000004
50000 0.002872 0.001061 0.019467 0.000579
100000 0.006036 0.002102 0.040622 0.001263
500000 0.194250 0.188110 0.201044 0.205464
1000000 0.218815 0.193166 0.408795 0.190917
3000000 0.220762 0.221162 0.775276 0.250055
5000000 0.239646 0.239552 1.182585 0.215129
8000000 0.303993 0.214861 1.853135 0.226963
11000000 0.360035 0.201437 2.033684 0.253323
14000000 0.402797 0.221614 2.414622 0.283183
17000000 0.640028 0.288287 3.241143 0.422189
20000000 0.521322 0.240642 2.630843 0.386127
23000000 0.579069 0.268145 4.135422 0.468596
26000000 0.630386 0.285138 3.659609 0.460466
29000000 0.687193 0.350777 5.002765 0.514041
32000000 0.497335 0.191103 5.087285 0.590172
35000000 0.801219 0.332015 4.510242 0.640350
