sxhma:1___plu8ismos:1___megistoba8os:18___threads:4

500 0.000031 0.000010 0.000208 0.000003
1000 0.000055 0.000020 0.000370 0.000004
50000 0.002832 0.001058 0.019263 0.000584
100000 0.005785 0.002177 0.039775 0.001244
500000 0.018849 0.007370 0.211954 0.008416
1000000 0.038635 0.019924 0.430941 0.018417
3000000 0.092463 0.036908 0.721471 0.061413
5000000 0.152518 0.053643 0.981327 0.104648
8000000 0.133878 0.054510 0.842573 0.123945
11000000 0.284770 0.100361 1.782441 0.188244
14000000 0.289347 0.105211 2.081514 0.297483
17000000 0.390141 0.143474 2.328397 0.281631
20000000 0.573297 0.209737 3.297238 0.459306
23000000 0.542526 0.185444 3.156896 0.409034
26000000 0.569577 0.204756 3.182844 0.441541
29000000 0.629837 0.224949 3.733328 0.485297
32000000 0.688053 0.256553 4.079475 0.547440
35000000 0.906433 0.326353 5.216792 0.848901
