sxhma:1___plu8ismos:1___megistoba8os:18___threads8:

500 0.000050 0.000016 0.000347 0.000004
1000 0.000088 0.000025 0.000598 0.000005
50000 0.003127 0.001177 0.027345 0.000755
100000 0.006279 0.002167 0.056271 0.001336
500000 0.019657 0.006267 0.158163 0.011996
1000000 0.035410 0.013268 0.285401 0.017937
3000000 0.085522 0.033180 0.711100 0.051821
5000000 0.097070 0.036746 0.822752 0.078186
8000000 0.112125 0.044402 0.949289 0.122230
11000000 0.298245 0.110355 2.323529 0.186995
14000000 0.183778 0.072790 1.666935 0.222824
17000000 0.216979 0.084583 2.023260 0.282269
20000000 0.257004 0.103131 2.324218 0.329921
23000000 0.296640 0.123731 2.813280 0.370939
26000000 0.564113 0.225232 4.031720 0.418766
29000000 0.362165 0.145486 3.595490 0.525911
32000000 0.418081 0.153411 4.020563 0.566885
34000000 0.430674 0.177377 4.236194 0.568052
