sxhma:1___plu8ismos:1___megistoba8os:18___threads32:

500 0.000044 0.000015 0.000341 0.000003
1000 0.000084 0.000029 0.000714 0.000005
50000 0.003504 0.001298 0.028370 0.000846
100000 0.007731 0.002395 0.062028 0.001924
500000 0.023394 0.006971 0.143204 0.008954
1000000 0.039451 0.017529 0.297284 0.021538
3000000 0.083189 0.034872 0.588015 0.049642
5000000 0.088849 0.035062 0.720176 0.080328
8000000 0.102070 0.042640 0.862521 0.120299
11000000 0.135327 0.057541 1.147984 0.171766
14000000 0.167933 0.072598 1.468273 0.217108
17000000 0.409333 0.197325 2.680987 0.299763
20000000 0.244850 0.100878 2.224131 0.333912
23000000 0.528999 0.209528 3.348601 0.382006
26000000 0.316132 0.130250 2.881724 0.423200
29000000 0.356185 0.139830 3.172070 0.471523
32000000 0.684461 0.272389 4.379010 0.533373
34000000 0.728216 0.293491 4.601546 0.616724
