sxhma:1___plu8ismos:1___megistoba8os:18___threads16:

500 0.000033 0.000013 0.000239 0.000002
1000 0.000069 0.000028 0.000692 0.000005
50000 0.003207 0.001048 0.030010 0.001022
100000 0.006316 0.002710 0.058408 0.001425
500000 0.027580 0.012422 0.155627 0.010581
1000000 0.032647 0.012959 0.273198 0.018896
3000000 0.086805 0.036090 0.696800 0.051917
5000000 0.111718 0.043460 0.784547 0.077977
8000000 0.214126 0.087324 1.516454 0.133618
11000000 0.147787 0.057646 1.235651 0.164482
14000000 0.203037 0.079888 1.623059 0.210708
17000000 0.214439 0.085846 1.874537 0.262783
20000000 0.479248 0.189143 3.065466 0.316993
23000000 0.521359 0.199793 3.449243 0.384356
26000000 0.314695 0.133711 2.980601 0.424434
29000000 0.680708 0.252534 4.112012 0.477582
32000000 0.687405 0.272524 4.353191 0.558687
34000000 0.413816 0.169245 3.832406 0.625655
