sxhma:1___plu8ismos:1___megistoba8os:18___threads2:

500 0.000035 0.000013 0.000263 0.000001
1000 0.000069 0.000025 0.000713 0.000005
50000 0.003080 0.001089 0.026886 0.000576
100000 0.007654 0.002610 0.058200 0.001438
500000 0.083150 0.008188 0.304051 0.009745
1000000 0.038955 0.013691 0.618715 0.021935
3000000 0.109037 0.041729 1.409087 0.054668
5000000 0.109836 0.037685 1.396669 0.082309
8000000 0.136908 0.047143 1.998396 0.132921
11000000 0.173717 0.069370 2.760853 0.195516
14000000 0.225534 0.086922 5.164818 0.338345
17000000 0.580683 0.224979 6.670403 0.395254
20000000 0.342404 0.130957 5.037592 0.376240
23000000 0.393173 0.141623 5.750603 0.437403
26000000 0.424761 0.159019 6.632159 0.498397
29000000 0.788821 0.251814 8.048464 0.899249
32000000 0.533293 0.206210 8.151374 0.709884
34000000 0.586874 0.208691 11.992180 0.696756
