sxhma:1___plu8ismos:1___megistoba8os:18___threads4:

500 0.000045 0.000015 0.000355 0.000002
1000 0.000079 0.000028 0.000709 0.000005
50000 0.003531 0.001122 0.033283 0.000661
100000 0.007957 0.002834 0.066657 0.001286
500000 0.024388 0.007870 0.267884 0.008580
1000000 0.034144 0.012884 0.494367 0.018199
3000000 0.087314 0.034187 1.082072 0.050953
5000000 0.079128 0.032043 1.125315 0.075769
8000000 0.103755 0.039164 1.647684 0.121685
11000000 0.223747 0.086281 3.910338 0.272487
14000000 0.396957 0.158221 6.134986 0.308964
17000000 0.300494 0.113000 4.057493 0.376347
20000000 0.466515 0.184010 5.482826 0.351504
23000000 0.637130 0.237313 7.835013 0.450904
26000000 0.846916 0.318202 10.799004 0.657901
29000000 0.690396 0.253119 11.481590 0.931541
32000000 0.802978 0.280655 11.901940 0.639201
34000000 0.782985 0.260301 12.438280 0.886230
