sxhma:1___plu8ismos:1___megistoba8os:18___threads64:

500 0.000042 0.000013 0.000332 0.000003
1000 0.000087 0.000030 0.000725 0.000006
50000 0.003472 0.001438 0.029351 0.000743
100000 0.007055 0.002583 0.062994 0.001501
500000 0.027006 0.007345 0.146942 0.008916
1000000 0.036829 0.016449 0.305588 0.020842
3000000 0.079102 0.034679 0.590098 0.052233
5000000 0.094875 0.037739 0.759632 0.079780
8000000 0.116888 0.043731 0.886289 0.124902
11000000 0.141133 0.053514 1.187751 0.165365
14000000 0.180468 0.071420 1.469318 0.212347
17000000 0.218533 0.085843 1.795805 0.264718
20000000 0.253709 0.099091 2.170722 0.313182
23000000 0.511261 0.226038 3.452036 0.365357
26000000 0.583574 0.221778 3.632198 0.413594
29000000 0.375158 0.144362 3.242889 0.460956
32000000 0.694067 0.320009 4.163463 0.537266
34000000 0.422966 0.171862 3.718006 0.578712
