sxhma:0___plu8ismos:1___megistoba8os:18___threads:16

500 0.000043 0.000012 0.000230 0.000003
1000 0.000062 0.000020 0.000451 0.000004
50000 0.003033 0.001046 0.021265 0.000577
100000 0.006211 0.002129 0.043131 0.001277
500000 0.014815 0.005098 0.089813 0.007956
1000000 0.029242 0.011063 0.190233 0.016845
3000000 0.089450 0.034222 0.506913 0.053979
5000000 0.107278 0.037623 0.603018 0.076909
8000000 0.123670 0.044224 0.707686 0.122023
11000000 0.128490 0.047763 0.807624 0.159377
14000000 0.155862 0.062068 1.015444 0.202374
17000000 0.198812 0.072131 1.216346 0.260558
20000000 0.223182 0.082501 1.461285 0.313091
23000000 0.517140 0.192284 2.421448 0.365342
26000000 0.560290 0.206906 2.685371 0.414122
29000000 0.320481 0.126675 2.107792 0.470466
32000000 0.358725 0.133768 2.319766 0.509059
34000000 0.379910 0.142247 2.465312 0.547529
