sxhma:0___plu8ismos:1___megistoba8os:18___threads:8

500 0.000051 0.000015 0.000602 0.000005
1000 0.000092 0.000030 0.001176 0.000006
50000 0.003060 0.001054 0.032881 0.000592
100000 0.006161 0.002134 0.066550 0.001242
500000 0.013580 0.005138 0.141569 0.007249
1000000 0.027364 0.011357 0.298879 0.019179
3000000 0.079478 0.031498 0.656364 0.047476
5000000 0.087376 0.034199 0.757367 0.076911
8000000 0.107282 0.039076 0.918625 0.116760
11000000 0.126976 0.051573 1.170926 0.157805
14000000 0.324877 0.113580 2.426789 0.228488
17000000 0.196879 0.075839 1.816620 0.248185
20000000 0.269024 0.098634 3.265874 0.312325
23000000 0.482658 0.185191 3.427169 0.380994
26000000 0.311046 0.117115 3.725926 0.442193
29000000 0.321811 0.124143 3.080281 0.448034
32000000 0.366117 0.141619 4.602880 0.504142
34000000 0.664150 0.233833 4.899166 0.546455
