sxhma:0___plu8ismos:1___megistoba8os:18___threads:512

500 0.000039 0.000010 0.000100 0.000004
1000 0.000056 0.000019 0.000198 0.000004
50000 0.003943 0.001323 0.010134 0.000996
100000 0.006438 0.002152 0.019528 0.001799
500000 0.021586 0.015526 0.049533 0.018852
1000000 0.035228 0.019673 0.101318 0.022620
3000000 0.086933 0.034584 0.262017 0.058943
5000000 0.136197 0.050373 0.393075 0.097689
8000000 0.149622 0.058998 0.440557 0.122845
11000000 0.153193 0.060143 0.479747 0.169965
14000000 0.156273 0.062386 0.549636 0.210902
17000000 0.186593 0.073528 0.677273 0.261569
20000000 0.480173 0.176245 1.342204 0.356115
23000000 0.546178 0.192751 1.459913 0.378678
26000000 0.587664 0.212674 1.464514 0.404538
29000000 0.629053 0.216911 1.528987 0.487538
32000000 0.680309 0.241164 1.704934 0.554670
34000000 0.377578 0.143335 1.358795 0.578667
