sxhma:0___plu8ismos:1___megistoba8os:18___threads:1024

500 0.000045 0.000013 0.000113 0.000005
1000 0.000078 0.000031 0.000247 0.000005
50000 0.003711 0.001405 0.012156 0.000750
100000 0.008605 0.002617 0.023037 0.001630
500000 0.035544 0.025865 0.054126 0.024624
1000000 0.047951 0.034565 0.091402 0.031985
3000000 0.097953 0.044585 0.271415 0.066303
5000000 0.143384 0.064207 0.436747 0.108849
8000000 0.197520 0.075823 0.545463 0.138913
11000000 0.183695 0.068653 0.535993 0.172844
14000000 0.311714 0.123576 0.838172 0.246001
17000000 0.231158 0.083933 0.702631 0.259257
20000000 0.464177 0.191435 1.286629 0.348761
23000000 0.567761 0.215218 1.631030 0.431295
26000000 0.630204 0.216235 1.853046 0.554777
29000000 0.627650 0.230337 1.536785 0.524346
32000000 0.676563 0.230625 1.715735 0.526058
34000000 0.498800 0.179415 2.194092 0.604860
