sxhma:0___plu8ismos:1___megistoba8os:18___threads:2

500 0.000044 0.000015 0.000234 0.000005
1000 0.000061 0.000020 0.000317 0.000004
50000 0.003725 0.001111 0.016935 0.000664
100000 0.006746 0.002260 0.034340 0.001596
500000 0.024551 0.009841 0.184219 0.013629
1000000 0.042425 0.017875 0.347296 0.025984
3000000 0.131632 0.055217 1.075909 0.085558
5000000 0.144516 0.053207 1.217378 0.107466
8000000 0.214970 0.076409 1.495118 0.173121
11000000 0.189741 0.067353 1.501068 0.211147
14000000 0.242792 0.099258 1.895520 0.290161
17000000 0.278369 0.104719 3.340991 0.392476
20000000 0.439473 0.154110 3.088220 0.387323
23000000 0.435199 0.159466 3.309950 0.461377
26000000 0.448491 0.163715 3.585692 0.508046
29000000 0.507695 0.189482 4.972720 0.793154
32000000 0.948321 0.328207 6.937772 0.895770
34000000 0.583713 0.205179 4.774688 0.675200
