sxhma:0___plu8ismos:1___megistoba8os:18___threads:64

500 0.000038 0.000010 0.000127 0.000003
1000 0.000059 0.000019 0.000265 0.000005
50000 0.004009 0.001056 0.012690 0.000738
100000 0.006261 0.002187 0.024718 0.001258
500000 0.014077 0.006174 0.056610 0.007916
1000000 0.027131 0.010617 0.113124 0.018600
3000000 0.087137 0.031962 0.318189 0.055644
5000000 0.114202 0.042853 0.409153 0.082628
8000000 0.134503 0.050012 0.490420 0.118356
11000000 0.137109 0.049016 0.535178 0.160761
14000000 0.153285 0.057078 0.632911 0.218056
17000000 0.189870 0.071582 0.785855 0.254538
20000000 0.220825 0.086085 0.932226 0.289251
23000000 0.385831 0.129177 1.848995 0.428627
26000000 0.642253 0.212433 2.148764 0.472329
29000000 0.323505 0.122295 1.378579 0.502770
32000000 0.354750 0.132661 1.534874 0.563282
34000000 0.454092 0.168334 2.401827 0.594710
