sxhma:0___plu8ismos:1___megistoba8os:18___threads:4

500 0.000043 0.000013 0.000726 0.000004
1000 0.000081 0.000030 0.001937 0.000005
50000 0.003189 0.001049 0.066241 0.000575
100000 0.007161 0.002127 0.128353 0.001206
500000 0.013563 0.007787 0.449804 0.007801
1000000 0.035273 0.011721 0.764312 0.019135
3000000 0.097518 0.038826 1.850565 0.060457
5000000 0.105595 0.036096 1.964064 0.084785
8000000 0.102753 0.039497 2.001479 0.126908
11000000 0.137420 0.055689 2.642449 0.172569
14000000 0.179479 0.065277 3.349109 0.221326
17000000 0.222517 0.089150 4.122429 0.273664
20000000 0.256885 0.108220 4.792633 0.325999
23000000 0.316420 0.119074 5.676930 0.397193
26000000 0.336022 0.127246 6.146275 0.433476
29000000 0.379785 0.147191 7.136822 0.497599
32000000 0.658495 0.238691 8.103102 0.557465
34000000 0.441863 0.166964 8.101987 0.606245
