sxhma:0___plu8ismos:1___megistoba8os:18___threads16:

500 0.000043 0.000015 0.000271 0.000002
1000 0.000078 0.000029 0.000565 0.000004
50000 0.003515 0.001468 0.024558 0.000605
100000 0.007962 0.002882 0.048837 0.001443
500000 0.019815 0.006599 0.115223 0.008526
1000000 0.038892 0.015832 0.234164 0.019561
3000000 0.092909 0.033525 0.536230 0.055496
5000000 0.093043 0.040654 0.651763 0.078276
8000000 0.106257 0.042017 0.758904 0.118886
11000000 0.134205 0.054005 0.983297 0.168283
14000000 0.173990 0.069194 1.225156 0.214516
17000000 0.414508 0.159751 2.363695 0.307857
20000000 0.246776 0.097114 1.736872 0.318542
23000000 0.520659 0.213897 2.601227 0.383062
26000000 0.315312 0.129645 2.218915 0.413213
29000000 0.367294 0.144480 2.437413 0.446040
32000000 0.688085 0.274605 2.625483 0.519590
34000000 0.406624 0.166281 2.931095 0.612051
