sxhma:0___plu8ismos:1___megistoba8os:18___threads2:

500 0.000045 0.000010 0.000174 0.000002
1000 0.000061 0.000020 0.000404 0.000003
50000 0.003557 0.001343 0.022493 0.001294
100000 0.008691 0.003725 0.045693 0.003186
500000 0.058334 0.011730 0.231610 0.012728
1000000 0.039667 0.016446 0.425637 0.023766
3000000 0.125945 0.049833 1.218108 0.072572
5000000 0.117913 0.045339 1.140103 0.091496
8000000 0.134725 0.051692 1.467338 0.149091
11000000 0.175659 0.064391 1.975345 0.196897
14000000 0.248062 0.093549 2.596605 0.270066
17000000 0.501611 0.186451 5.374933 0.587961
20000000 0.612291 0.218209 5.274935 0.535300
23000000 0.930525 0.322268 8.192331 0.728963
26000000 0.865800 0.284185 8.033627 0.742737
29000000 1.232974 0.461140 11.492016 1.077454
32000000 1.229799 0.380687 11.935735 1.027565
34000000 0.571615 0.209466 11.044255 0.659780
