sxhma:0___plu8ismos:1___megistoba8os:18___threads4:

500 0.000033 0.000010 0.000210 0.000003
1000 0.000078 0.000031 0.000558 0.000005
50000 0.003073 0.001072 0.021114 0.000709
100000 0.006257 0.002143 0.046283 0.001401
500000 0.053536 0.006534 0.196582 0.009130
1000000 0.032372 0.012985 0.360309 0.019999
3000000 0.087917 0.035987 0.880432 0.052806
5000000 0.098053 0.039000 0.950019 0.081644
8000000 0.114882 0.043937 1.221183 0.121535
11000000 0.137343 0.055551 1.578669 0.170879
14000000 0.180487 0.081447 2.010268 0.221544
17000000 0.216524 0.086447 2.440184 0.284059
20000000 0.466621 0.181589 4.555845 0.445210
23000000 0.522176 0.178500 5.438577 0.705995
26000000 0.670676 0.253209 5.378854 0.663046
29000000 0.897506 0.311456 6.674330 0.900908
32000000 1.036222 0.365595 7.762085 0.788415
34000000 0.732382 0.281929 8.490718 1.042127
