sxhma:0___plu8ismos:1___megistoba8os:18___threads64:

500 0.000039 0.000013 0.000204 0.000001
1000 0.000064 0.000026 0.000454 0.000003
50000 0.003481 0.001279 0.026009 0.000825
100000 0.007017 0.002558 0.049540 0.001601
500000 0.027777 0.009618 0.108430 0.009090
1000000 0.039119 0.014187 0.233379 0.019220
3000000 0.086973 0.036814 0.552920 0.053052
5000000 0.099359 0.038098 0.618715 0.076787
8000000 0.116109 0.042786 0.677314 0.120768
11000000 0.138267 0.053369 0.967447 0.165556
14000000 0.174729 0.070737 1.141657 0.216562
17000000 0.218849 0.085521 1.439673 0.277924
20000000 0.249053 0.107726 1.655447 0.332054
23000000 0.519380 0.207481 2.764269 0.386457
26000000 0.585063 0.227908 3.014279 0.429801
29000000 0.357355 0.149091 2.507355 0.514441
32000000 0.383535 0.151509 2.744135 0.529162
34000000 0.729448 0.290996 3.645272 0.543492
