sxhma:0___plu8ismos:1___megistoba8os:18___threads32:

500 0.000045 0.000015 0.000274 0.000002
1000 0.000079 0.000029 0.000569 0.000005
50000 0.003532 0.001304 0.022971 0.000571
100000 0.006788 0.002578 0.047186 0.001377
500000 0.027000 0.006778 0.110664 0.008910
1000000 0.032178 0.012898 0.236535 0.018968
3000000 0.088744 0.036111 0.634956 0.049470
5000000 0.107516 0.040086 0.632033 0.077451
8000000 0.229388 0.086905 1.330400 0.148001
11000000 0.161933 0.064363 1.015753 0.174008
14000000 0.366733 0.146277 1.958877 0.234357
17000000 0.432155 0.156994 2.256431 0.283029
20000000 0.245282 0.098231 1.674690 0.315331
23000000 0.278449 0.116723 1.945782 0.355682
26000000 0.317236 0.127337 2.202257 0.435848
29000000 0.639482 0.268283 3.460745 0.471388
32000000 0.672975 0.281123 3.611749 0.544704
34000000 0.716267 0.293984 3.820949 0.588837
