sxhma:0___plu8ismos:1___megistoba8os:18___threads8:

500 0.000043 0.000015 0.000271 0.000003
1000 0.000079 0.000029 0.000566 0.000005
50000 0.003171 0.001154 0.023338 0.000686
100000 0.007184 0.002521 0.049568 0.001477
500000 0.020073 0.006740 0.109528 0.008695
1000000 0.035659 0.013373 0.258773 0.021858
3000000 0.092457 0.041737 0.563133 0.056666
5000000 0.100518 0.039528 0.659270 0.080764
8000000 0.111683 0.046694 0.780224 0.120329
11000000 0.140327 0.056040 1.043813 0.164680
14000000 0.173683 0.067461 1.233002 0.212588
17000000 0.205713 0.081930 1.527933 0.266279
20000000 0.471568 0.195130 2.684356 0.340284
23000000 0.532385 0.214726 2.817239 0.379055
26000000 0.321959 0.128231 2.433221 0.414487
29000000 0.362069 0.147928 2.717762 0.484632
32000000 0.720191 0.276541 3.049109 0.527241
34000000 0.424425 0.170070 3.296975 0.548808
