sxhma:0___plu8ismos:1___megistoba8os:18___threads:64

500 0.000032 0.000013 0.000147 0.000003
1000 0.000056 0.000019 0.000335 0.000003
50000 0.002923 0.001091 0.015365 0.000605
100000 0.005934 0.002128 0.031946 0.001280
500000 0.021316 0.014522 0.167711 0.014660
1000000 0.034436 0.016782 0.335425 0.022529
3000000 0.100824 0.039312 0.478131 0.060538
5000000 0.229054 0.085385 0.784377 0.155059
8000000 0.179453 0.063119 0.882390 0.129394
11000000 0.152225 0.055815 0.786068 0.163558
14000000 0.373596 0.155378 1.825795 0.252293
17000000 0.407138 0.154555 1.969669 0.291531
20000000 0.464386 0.172778 2.224194 0.332166
23000000 0.541693 0.196629 2.664296 0.417709
26000000 0.577222 0.208989 2.630010 0.473343
29000000 0.662244 0.314175 2.850432 0.454610
32000000 0.691329 0.262061 3.366074 0.567180
35000000 0.748672 0.291206 3.823591 0.668237
