sxhma:0___plu8ismos:1___megistoba8os:18___threads:2

500 0.000046 0.000015 0.000214 0.000004
1000 0.000056 0.000020 0.000348 0.000005
50000 0.002926 0.001160 0.017237 0.000611
100000 0.005739 0.002213 0.031435 0.001251
500000 0.016382 0.006833 0.162748 0.008621
1000000 0.033966 0.012936 0.323509 0.017350
3000000 0.093049 0.034557 0.602297 0.064301
5000000 0.163598 0.058265 0.998218 0.122108
8000000 0.269607 0.095768 1.632072 0.184875
11000000 0.325281 0.117407 1.654399 0.223768
14000000 0.399170 0.137344 2.012216 0.297183
17000000 0.430499 0.155466 2.173191 0.322058
20000000 0.501912 0.179250 2.375337 0.357157
23000000 0.556788 0.199139 2.590731 0.395901
26000000 0.686334 0.240689 4.350243 0.605280
29000000 0.695135 0.255136 3.503458 0.530278
32000000 0.735881 0.272342 3.273052 0.560900
35000000 1.087460 0.415340 5.476550 1.120279
