sxhma:0___plu8ismos:1___megistoba8os:18___threads:16

500 0.000049 0.000015 0.000229 0.000005
1000 0.000084 0.000032 0.000465 0.000006
50000 0.002868 0.001052 0.015361 0.000611
100000 0.005921 0.002199 0.032977 0.001449
500000 0.016306 0.007388 0.205040 0.015825
1000000 0.041471 0.017584 0.349149 0.021037
3000000 0.137516 0.038743 0.470398 0.114622
5000000 0.151848 0.054109 0.813985 0.137899
8000000 0.279375 0.093695 1.258994 0.158553
11000000 0.276853 0.106333 1.408938 0.217983
14000000 0.344095 0.123940 1.701885 0.256595
17000000 0.421527 0.150728 2.011204 0.317081
20000000 0.461358 0.170706 2.157221 0.340433
23000000 0.520630 0.196501 2.675298 0.411982
26000000 0.577202 0.217000 2.841063 0.444654
29000000 0.661171 0.237508 3.159714 0.521255
32000000 0.700338 0.249289 4.175790 0.548002
35000000 0.753448 0.280918 3.758138 0.664050
