sxhma:0___plu8ismos:1___megistoba8os:18___threads:1024

500 0.000030 0.000010 0.000143 0.000003
1000 0.000059 0.000020 0.000286 0.000003
50000 0.002874 0.001053 0.015875 0.000656
100000 0.005873 0.002150 0.031741 0.001265
500000 0.202867 0.194661 0.161226 0.187379
1000000 0.218242 0.183691 0.326250 0.191959
3000000 0.226025 0.219777 0.633560 0.243232
5000000 0.239419 0.238316 0.927186 0.212570
8000000 0.315070 0.208479 1.525411 0.238738
11000000 0.355615 0.194960 1.609228 0.246587
14000000 0.405418 0.218832 1.955594 0.285860
17000000 0.490056 0.237922 2.873787 0.391025
20000000 0.539520 0.258857 2.551644 0.374931
23000000 0.625392 0.277379 2.840867 0.428685
26000000 0.726577 0.302906 4.053446 0.555680
29000000 0.786795 0.347496 3.285748 0.506546
32000000 0.854605 0.332074 3.581340 0.670905
35000000 0.832908 0.350693 3.789748 0.678988
