sxhma:0___plu8ismos:1___megistoba8os:18___threads:8

500 0.000041 0.000012 0.000144 0.000003
1000 0.000054 0.000020 0.000304 0.000004
50000 0.002972 0.001089 0.015426 0.000568
100000 0.005820 0.002126 0.031085 0.001323
500000 0.016552 0.006463 0.161542 0.008458
1000000 0.031978 0.012376 0.326257 0.018170
3000000 0.092458 0.033937 0.447648 0.058563
5000000 0.143006 0.055733 0.740897 0.098817
8000000 0.224266 0.088286 1.414459 0.188382
11000000 0.282923 0.104862 1.382391 0.215430
14000000 0.336061 0.127620 1.645594 0.237100
17000000 0.422067 0.153976 2.017267 0.310001
20000000 0.479120 0.183116 2.320534 0.363477
23000000 0.556414 0.193133 2.633009 0.402618
26000000 0.591580 0.217918 3.688906 0.508893
29000000 0.648289 0.238248 4.085943 0.566498
32000000 0.688156 0.256062 3.420491 0.523138
35000000 0.747621 0.271161 3.919396 0.587876
