sxhma:0___plu8ismos:1___megistoba8os:18___threads:512

500 0.000036 0.000010 0.000139 0.000003
1000 0.000056 0.000020 0.000304 0.000004
50000 0.002799 0.001075 0.015574 0.000605
100000 0.005795 0.002135 0.031546 0.001273
500000 0.106423 0.093338 0.166772 0.095201
1000000 0.115077 0.101688 0.331597 0.107993
3000000 0.133398 0.110403 0.529726 0.115262
5000000 0.210010 0.114112 0.820921 0.141634
8000000 0.277544 0.135960 1.558402 0.219370
11000000 0.341458 0.160884 1.716532 0.254063
14000000 0.391616 0.167928 1.820714 0.283474
17000000 0.460588 0.191128 2.075577 0.323492
20000000 0.516332 0.230499 2.485413 0.394076
23000000 0.620870 0.244198 2.809060 0.462110
26000000 0.643408 0.259011 2.884377 0.535347
29000000 0.686159 0.291279 3.223629 0.587054
32000000 0.727829 0.299906 3.527308 0.592459
35000000 0.798754 0.323774 3.783809 0.609076
