sxhma:0___plu8ismos:1___megistoba8os:18___threads:4

500 0.000030 0.000010 0.000154 0.000003
1000 0.000054 0.000020 0.000274 0.000004
50000 0.002976 0.001229 0.015694 0.000662
100000 0.006065 0.002132 0.033013 0.001328
500000 0.019708 0.006847 0.164515 0.008301
1000000 0.033077 0.015208 0.335075 0.018167
3000000 0.090477 0.037148 0.469886 0.060080
5000000 0.142387 0.054899 0.875305 0.099777
8000000 0.178996 0.066488 0.810753 0.122482
11000000 0.306942 0.121387 1.462381 0.198833
14000000 0.369754 0.126350 1.863150 0.253847
17000000 0.396912 0.150541 2.006515 0.291145
20000000 0.467041 0.168422 2.155123 0.328071
23000000 0.514201 0.187431 2.477826 0.378554
26000000 0.604519 0.220111 2.848780 0.417359
29000000 0.642558 0.238991 3.150602 0.459378
32000000 0.699102 0.247755 3.759587 0.528182
35000000 0.737666 0.279196 3.398456 0.548232
