sxhma:1___plu8ismos:1___megistoba8os:18___threads:256

500 0.000040 0.000012 0.000108 0.000003
1000 0.000057 0.000020 0.000207 0.000004
50000 0.003130 0.001052 0.009715 0.000648
100000 0.006374 0.002125 0.019500 0.001423
500000 0.018303 0.008928 0.049217 0.010897
1000000 0.032892 0.014562 0.117535 0.021197
3000000 0.082875 0.031505 0.279727 0.055945
5000000 0.137195 0.051351 0.450147 0.094849
8000000 0.154176 0.057395 0.511899 0.122712
11000000 0.155789 0.059401 0.551367 0.157540
14000000 0.353796 0.134754 1.152390 0.293948
17000000 0.268652 0.103284 0.877146 0.255667
20000000 0.218163 0.083329 0.867024 0.290356
23000000 0.250344 0.095478 1.011123 0.362061
26000000 0.282587 0.107028 1.150100 0.388475
29000000 0.500653 0.168877 2.089715 0.618492
32000000 0.705557 0.233706 2.243779 0.563797
34000000 0.653551 0.214586 1.864263 0.531512
