sxhma:1___plu8ismos:1___megistoba8os:18___threads:512

500 0.000037 0.000010 0.000097 0.000004
1000 0.000058 0.000021 0.000199 0.000004
50000 0.003020 0.001053 0.009924 0.000668
100000 0.006213 0.002343 0.019045 0.001349
500000 0.024246 0.013995 0.062214 0.017184
1000000 0.033783 0.018265 0.091691 0.023418
3000000 0.086250 0.034858 0.284798 0.062234
5000000 0.140496 0.057866 0.469997 0.102454
8000000 0.198170 0.076227 0.590146 0.139127
11000000 0.192949 0.071373 0.596263 0.177177
14000000 0.173399 0.066652 0.618357 0.213199
17000000 0.189881 0.072576 0.725831 0.257972
20000000 0.219154 0.087465 0.865067 0.286021
23000000 0.250867 0.100828 1.002616 0.332467
26000000 0.284367 0.110098 1.133347 0.387544
29000000 0.671351 0.247043 2.113971 0.523888
32000000 0.369649 0.133203 1.387951 0.503336
34000000 0.582356 0.222887 2.433629 0.700475
