sxhma:1___plu8ismos:1___megistoba8os:18___threads:16

500 0.000037 0.000009 0.000226 0.000003
1000 0.000060 0.000020 0.000458 0.000004
50000 0.003190 0.001052 0.019732 0.000554
100000 0.006428 0.002197 0.038734 0.001237
500000 0.014666 0.005444 0.089366 0.007202
1000000 0.027296 0.010277 0.189072 0.016276
3000000 0.085626 0.031097 0.536169 0.059545
5000000 0.110772 0.050845 0.681740 0.082690
8000000 0.125944 0.046651 0.707459 0.120353
11000000 0.127987 0.049541 0.815998 0.165301
14000000 0.155218 0.058082 0.978799 0.222865
17000000 0.201224 0.075639 1.248679 0.252860
20000000 0.229305 0.086955 1.402614 0.310929
23000000 0.255082 0.093536 1.571316 0.347481
26000000 0.288276 0.107303 1.799942 0.530867
29000000 0.640951 0.215750 3.097731 0.484390
32000000 0.351781 0.142498 2.163293 0.480246
34000000 0.707962 0.226653 4.447567 0.625458
