sxhma:1___plu8ismos:1___megistoba8os:18___threads:2

500 0.000037 0.000010 0.000222 0.000007
1000 0.000066 0.000020 0.000422 0.000003
50000 0.003157 0.001121 0.021830 0.000734
100000 0.006586 0.002489 0.044168 0.001479
500000 0.017186 0.006236 0.221464 0.007986
1000000 0.034578 0.016243 0.457763 0.018120
3000000 0.114653 0.055814 1.395557 0.083871
5000000 0.205786 0.081580 2.207401 0.174235
8000000 0.353990 0.120174 3.560920 0.262163
11000000 0.475246 0.167587 4.784961 0.407255
14000000 0.666569 0.219384 6.088008 0.520997
17000000 0.726694 0.212036 7.346763 0.672406
20000000 0.969091 0.325969 8.741760 0.779065
23000000 1.039396 0.356743 10.212624 0.870062
26000000 1.189405 0.384318 10.568642 0.991806
29000000 1.270334 0.362914 12.557070 1.287392
32000000 1.503258 0.514716 14.680379 1.230223
34000000 1.418545 0.539655 15.145054 1.589062