sxhma:1___plu8ismos:1___megistoba8os:18___threads:128

500 0.000051 0.000015 0.000150 0.000005
1000 0.000057 0.000020 0.000219 0.000004
50000 0.003062 0.001040 0.010942 0.000708
100000 0.007134 0.002227 0.020824 0.001248
500000 0.014955 0.007470 0.056038 0.009695
1000000 0.028270 0.011225 0.098492 0.017772
3000000 0.083287 0.033751 0.299803 0.054127
5000000 0.130847 0.049481 0.455573 0.092381
8000000 0.161319 0.060624 0.580355 0.130838
11000000 0.151563 0.055453 0.559894 0.160764
14000000 0.152829 0.058867 0.629457 0.201098
17000000 0.184919 0.070563 0.755110 0.244426
20000000 0.227113 0.083365 0.905158 0.290438
23000000 0.523583 0.186341 1.471761 0.367129
26000000 0.283749 0.107179 1.197084 0.416070
29000000 0.316875 0.121062 1.365525 0.437575
32000000 0.464338 0.181102 2.955432 0.742154
34000000 0.460963 0.166584 1.678595 0.558020
