sxhma:1___plu8ismos:1___megistoba8os:18___threads:6

500 0.000047 0.000013 0.000556 0.000004
1000 0.000062 0.000020 0.000865 0.000004
50000 0.003011 0.001130 0.037686 0.000582
100000 0.006320 0.002105 0.073187 0.001349
500000 0.014481 0.005448 0.209293 0.007074
1000000 0.033425 0.012778 0.343894 0.015884
3000000 0.092621 0.030304 0.967357 0.057037
5000000 0.133334 0.052263 1.468796 0.103493
8000000 0.210348 0.074990 1.812094 0.131562
11000000 0.140767 0.055206 1.609061 0.217716
14000000 0.309733 0.118319 2.641716 0.214443
17000000 0.329831 0.124219 3.134233 0.348006
20000000 0.425454 0.158226 4.491181 0.506091
23000000 0.645404 0.237565 4.721297 0.575752
26000000 0.518556 0.181691 3.977559 0.529167
29000000 0.566493 0.195328 4.162500 0.597136
32000000 0.749048 0.245538 5.504096 0.867562
34000000 0.636442 0.216732 4.732110 0.761095
