sxhma:1___plu8ismos:1___megistoba8os:18___threads:8

500 0.000040 0.000010 0.000353 0.000003
1000 0.000063 0.000020 0.000700 0.000004
50000 0.003079 0.001043 0.030582 0.000584
100000 0.006145 0.002126 0.059554 0.001214
500000 0.013510 0.005689 0.137590 0.007045
1000000 0.032138 0.012890 0.289093 0.017445
3000000 0.084550 0.029548 0.744707 0.051504
5000000 0.113030 0.039900 0.859349 0.084453
8000000 0.139254 0.042902 0.980150 0.126284
11000000 0.124501 0.047350 1.065041 0.195589
14000000 0.285016 0.100588 1.917164 0.224032
17000000 0.322750 0.119287 2.405393 0.363778
20000000 0.269972 0.096861 1.955172 0.340839
23000000 0.468706 0.168256 2.746647 0.429397
26000000 0.552009 0.190637 3.594047 0.524451
29000000 0.607001 0.197851 3.973990 0.532314
32000000 0.623482 0.207701 4.622716 0.497330
34000000 0.675159 0.223328 4.605942 1.045163
