sxhma:1___plu8ismos:1___megistoba8os:18___threads:32

500 0.000037 0.000010 0.000157 0.000005
1000 0.000061 0.000020 0.000319 0.000003
50000 0.003065 0.001086 0.014534 0.000574
100000 0.006248 0.002096 0.028633 0.001268
500000 0.013840 0.005186 0.062706 0.007507
1000000 0.028607 0.010143 0.133590 0.016063
3000000 0.092363 0.034130 0.403334 0.054122
5000000 0.127571 0.046876 0.543697 0.083942
8000000 0.138636 0.050336 0.609203 0.116706
11000000 0.136357 0.050403 0.667922 0.168968
14000000 0.154690 0.056689 0.771183 0.199900
17000000 0.185942 0.069875 0.932923 0.251687
20000000 0.218485 0.081996 1.109863 0.302846
23000000 0.251447 0.094289 1.281806 0.347267
26000000 0.288803 0.107905 1.424088 0.397919
29000000 0.414333 0.147084 2.562717 0.509974
32000000 0.441462 0.151894 2.704152 0.535310
34000000 0.641019 0.244642 3.113768 0.760507
