sxhma:1___plu8ismos:1___megistoba8os:18___threads:4

500 0.000042 0.000012 0.000741 0.000003
1000 0.000062 0.000020 0.001198 0.000003
50000 0.003020 0.001058 0.051666 0.000574
100000 0.006028 0.002136 0.100562 0.001243
500000 0.014073 0.005350 0.396124 0.007571
1000000 0.027223 0.010335 0.677235 0.015141
3000000 0.082548 0.029783 1.754197 0.053983
5000000 0.137420 0.049084 2.856562 0.101046
8000000 0.223211 0.081609 4.087890 0.180953
11000000 0.321887 0.113104 5.468936 0.242135
14000000 0.343394 0.125360 6.039451 0.342113
17000000 0.471606 0.158172 7.943708 0.433883
20000000 0.491024 0.168877 9.457147 0.505890
23000000 0.639745 0.207248 9.554156 0.627102
26000000 0.680368 0.230388 11.228745 0.699128
29000000 0.639161 0.204166 10.234391 0.490658
32000000 0.596827 0.202326 8.833942 0.713408
34000000 0.911758 0.279113 11.638740 1.069836
