sxhma:1___plu8ismos:1___megistoba8os:18___threads:1024

500 0.000034 0.000010 0.000097 0.000004
1000 0.000052 0.000020 0.000195 0.000004
50000 0.003838 0.001318 0.009923 0.000677
100000 0.008890 0.003214 0.024199 0.001495
500000 0.033048 0.027176 0.055197 0.028096
1000000 0.047148 0.029960 0.103601 0.033224
3000000 0.094012 0.045836 0.297341 0.070485
5000000 0.143664 0.065011 0.471153 0.114328
8000000 0.229231 0.093578 0.716088 0.178473
11000000 0.224160 0.082218 0.671207 0.177790
14000000 0.193817 0.072013 0.641962 0.221531
17000000 0.187860 0.077518 0.726511 0.260653
20000000 0.226932 0.089058 0.887768 0.296180
23000000 0.255217 0.105163 1.013356 0.348569
26000000 0.298519 0.112931 1.153398 0.377223
29000000 0.650249 0.234654 1.892331 0.458626
32000000 0.646191 0.220730 1.720826 0.520236
34000000 0.671257 0.255312 1.809191 0.578407
