sxhma:1___plu8ismos:1___megistoba8os:18___threads:64

500 0.000034 0.000010 0.000126 0.000003
1000 0.000057 0.000020 0.000252 0.000006
50000 0.003093 0.001052 0.011943 0.000704
100000 0.006038 0.002095 0.023878 0.001302
500000 0.013941 0.005863 0.053520 0.007811
1000000 0.034549 0.013109 0.128437 0.018070
3000000 0.081667 0.030521 0.312652 0.054150
5000000 0.127953 0.046813 0.470909 0.083420
8000000 0.156283 0.053456 0.545714 0.122651
11000000 0.156676 0.058590 0.603949 0.161451
14000000 0.152834 0.056672 0.667776 0.207394
17000000 0.187838 0.069973 0.829530 0.255112
20000000 0.217739 0.085896 0.962048 0.334403
23000000 0.579176 0.189940 2.058502 0.554688
26000000 0.558270 0.194418 1.689031 0.400264
29000000 0.422186 0.148525 2.282308 0.494646
32000000 0.635763 0.214030 1.922314 0.509277
34000000 0.670763 0.218202 2.207381 0.868590
